1.000000 1.719686 33.878743
1.000000 2.407117 36.628469
1.000000 6.063751 51.255004
1.000000 9.773665 66.094661
1.000000 6.439288 52.757150
1.000000 7.178201 55.712802
1.000000 0.641453 29.565813
1.000000 9.454636 64.818544
1.000000 5.487303 48.949214
1.000000 3.264854 40.059414
1.000000 8.054651 59.218605
1.000000 2.056538 35.226153
1.000000 8.053752 59.215008
1.000000 9.245774 63.983095
1.000000 0.374972 28.499887
1.000000 4.780010 46.120041
1.000000 2.595349 37.381395
1.000000 8.523136 61.092545
1.000000 7.848125 58.392500
1.000000 3.058299 39.233194
1.000000 7.264187 56.056749
1.000000 4.265986 44.063943
1.000000 1.819015 34.276058
1.000000 3.726876 41.907503
1.000000 7.323860 56.295439
1.000000 5.304581 48.218325
1.000000 5.643023 49.572093
1.000000 2.118905 35.475621
1.000000 3.534974 41.139897
1.000000 9.807384 66.229535
1.000000 3.634051 41.536203
1.000000 0.171822 27.687287
1.000000 6.430442 52.721768
1.000000 4.236651 43.946606
1.000000 7.818242 58.272969
1.000000 4.752565 46.010261
1.000000 1.235865 31.943458
1.000000 5.950167 50.800667
1.000000 5.126571 47.506283
1.000000 8.012980 59.051922
1.000000 1.303438 32.213753
1.000000 3.474196 40.896786
1.000000 9.594230 65.376918
1.000000 2.735836 37.943344
1.000000 7.273148 56.092591
1.000000 6.038413 51.153653
1.000000 1.162222 31.648888
1.000000 0.429045 28.716180
1.000000 7.484840 56.939360
1.000000 8.949289 62.797155
1.000000 9.894144 66.576577
1.000000 2.624721 37.498884
1.000000 0.333294 28.333176
1.000000 5.179640 47.718560
1.000000 5.292122 48.168490
1.000000 7.326542 56.306167
1.000000 4.411964 44.647858
1.000000 5.433554 48.734218
1.000000 5.566582 49.266328
1.000000 4.392355 44.569419
1.000000 4.668555 45.674220
1.000000 6.483295 52.933180
1.000000 5.252707 48.010829
1.000000 9.865272 66.461087
1.000000 7.210558 55.842233
1.000000 2.747234 37.988936
1.000000 2.930956 38.723824
1.000000 4.327675 44.310701
1.000000 7.771052 58.084210
1.000000 6.082909 51.331635
1.000000 0.292243 28.168974
1.000000 6.230736 51.922944
1.000000 2.033135 35.132538
1.000000 7.576549 57.306196
1.000000 9.986438 66.945751
1.000000 4.011207 43.044830
1.000000 8.842462 62.369849
1.000000 9.610223 65.440892
1.000000 3.403699 40.614798
1.000000 2.359195 36.436781
1.000000 0.957098 30.828393
1.000000 5.642574 49.570296
1.000000 0.072282 27.289129
1.000000 4.692578 45.770313
1.000000 2.888790 38.555160
1.000000 3.652665 41.610659
1.000000 5.507880 49.031519
1.000000 5.876174 50.504696
1.000000 1.953661 34.814646
1.000000 6.323659 52.294637
1.000000 6.886699 54.546796
1.000000 1.998588 34.994353
1.000000 5.227915 47.911659
1.000000 5.357641 48.430563
1.000000 5.825133 50.300532
1.000000 4.805884 46.223536
1.000000 3.731705 41.926819
1.000000 9.463142 64.852569
1.000000 3.501110 41.004441
1.000000 4.906129 46.624517
1.000000 2.342874 36.371497
1.000000 7.048621 55.194483
1.000000 6.815589 54.262354
1.000000 3.580714 41.322858
1.000000 5.413129 48.652517
1.000000 4.825585 46.302340
1.000000 3.903623 42.614490
1.000000 6.189976 51.759903
1.000000 9.229197 63.916787
1.000000 5.894964 50.579856
1.000000 8.482074 60.928297
1.000000 1.744123 33.976491
1.000000 9.759321 66.037284
1.000000 3.108380 39.433521
1.000000 6.231570 51.926281
1.000000 7.901952 58.607809
1.000000 5.603345 49.413380
1.000000 4.962844 46.851377
1.000000 4.014427 43.057708
1.000000 7.251568 56.006272
1.000000 9.858749 66.434996
1.000000 6.299803 52.199212
1.000000 0.997982 30.991927
1.000000 0.081525 27.326101
1.000000 2.960492 38.841966
1.000000 7.951762 58.807047
1.000000 1.799539 34.198156
1.000000 3.357528 40.430113
1.000000 7.225742 55.902966
1.000000 8.325185 60.300742
1.000000 5.851545 50.406180
1.000000 3.966000 42.864000
1.000000 6.319115 52.276460
1.000000 9.099137 63.396547
1.000000 5.553703 49.214813
1.000000 3.587807 41.351228
1.000000 6.442902 52.771609
1.000000 0.663967 29.655868
1.000000 7.164899 55.659595
1.000000 7.509801 57.039203
1.000000 6.961716 54.846865
1.000000 8.368261 60.473044
1.000000 6.221922 51.887688
1.000000 3.979212 42.916850
1.000000 1.918353 34.673414
1.000000 7.606091 57.424364
1.000000 8.844401 62.377602
1.000000 9.642413 65.569650
1.000000 7.434939 56.739757
1.000000 7.356368 56.425473
1.000000 9.519537 65.078149
1.000000 5.748358 49.993432
1.000000 9.958740 66.834962
1.000000 1.893927 34.575709
1.000000 0.492799 28.971197
1.000000 0.482015 28.928058
1.000000 1.652332 33.609330
1.000000 1.551405 33.205620
1.000000 7.658249 57.632996
1.000000 2.180329 35.721317
1.000000 5.857731 50.430923
1.000000 1.651002 33.604007
1.000000 0.220163 27.880651
1.000000 9.595252 65.381007
1.000000 7.652566 57.610265
1.000000 0.952169 30.808678
1.000000 1.043880 31.175521
1.000000 9.377672 64.510686
1.000000 8.367856 60.471426
1.000000 2.578653 37.314612
1.000000 9.600867 65.403467
1.000000 8.739365 61.957459
1.000000 6.235771 51.943083
1.000000 4.093830 43.375320
1.000000 7.575586 57.302344
1.000000 4.956262 46.825047
1.000000 7.882654 58.530617
1.000000 9.063406 63.253623
1.000000 4.213925 43.855700
1.000000 4.580303 45.321213
1.000000 3.062352 39.249407
1.000000 7.004165 55.016661
1.000000 4.669335 45.677339
1.000000 4.398863 44.595450
1.000000 0.908200 30.632802
1.000000 7.848911 58.395643
1.000000 9.098549 63.394198
1.000000 5.170903 47.683612
1.000000 0.612347 29.449387
1.000000 0.749422 29.997689
1.000000 5.141674 47.566697
1.000000 1.190497 31.761990
1.000000 6.251721 52.006883
1.000000 2.834229 38.336916
1.000000 5.280621 48.122484
1.000000 1.591962 33.367848
1.000000 6.917145 54.668579
1.000000 5.282969 48.131877
1.000000 2.703541 37.814165
1.000000 0.565114 29.260454
1.000000 0.133948 27.535791
1.000000 2.365224 36.460897
1.000000 7.119751 55.479005
1.000000 5.549468 49.197874
1.000000 2.942071 38.768282
1.000000 9.740298 65.961193
1.000000 0.955733 30.822932
1.000000 1.956482 34.825926
1.000000 7.863849 58.455396
1.000000 4.204466 43.817865
1.000000 2.559074 37.236298
1.000000 6.664063 53.656253
1.000000 3.375872 40.503487
1.000000 0.466267 28.865067
1.000000 5.598100 49.392400
1.000000 5.385613 48.542453
1.000000 8.594852 61.379406
1.000000 6.071968 51.287873
1.000000 8.856810 62.427241
1.000000 3.422693 40.690771
1.000000 2.219628 35.878512
1.000000 9.971438 66.885752
1.000000 1.297190 32.188761
1.000000 2.661795 37.647181
1.000000 3.740513 41.962051
1.000000 4.110010 43.440041
1.000000 5.135898 47.543594
1.000000 2.903227 38.612910
1.000000 1.375476 32.501905
1.000000 5.705320 49.821282
1.000000 3.802201 42.208805
1.000000 2.407555 36.630219
1.000000 9.748919 65.995674
1.000000 7.247221 55.988883
1.000000 2.458767 36.835069
1.000000 9.838077 66.352309
1.000000 1.615976 33.463903
1.000000 7.389599 56.558397
1.000000 9.409749 64.638995
1.000000 8.898698 62.594792
1.000000 8.415494 60.661975
1.000000 1.987064 34.948254
1.000000 5.786394 50.145574
1.000000 8.802509 62.210037
1.000000 7.817546 58.270185
1.000000 8.806969 62.227877
1.000000 4.588875 45.355500
1.000000 9.634987 65.539950
1.000000 8.140753 59.563011
1.000000 5.637936 49.551742
1.000000 3.770187 42.080749
1.000000 8.900896 62.603585
1.000000 0.861238 30.444954
1.000000 3.631681 41.526722
1.000000 8.554556 61.218223
1.000000 7.411870 56.647482
1.000000 4.977502 46.910007
1.000000 4.948353 46.793410
1.000000 2.835780 38.343121
1.000000 5.035533 47.142134
1.000000 2.951109 38.804437
1.000000 3.861513 42.446054
1.000000 6.492689 52.970757
1.000000 8.967047 62.868186
1.000000 0.138245 27.552978
1.000000 4.281775 44.127098
1.000000 4.969566 46.878265
1.000000 2.223204 35.892816
1.000000 7.089062 55.356249
1.000000 0.301277 28.205108
1.000000 6.457336 52.829345
1.000000 4.900817 46.603268
1.000000 0.322781 28.291122
1.000000 2.384777 36.539108
1.000000 6.717667 53.870669
1.000000 5.838309 50.353234
1.000000 2.086662 35.346646
1.000000 6.002066 51.008264
1.000000 7.497309 56.989234
1.000000 7.094343 55.377372
1.000000 9.819200 66.276802
1.000000 2.717299 37.869194
1.000000 2.327057 36.308228
1.000000 9.505011 65.020045
1.000000 9.752695 66.010780
1.000000 8.008337 59.033349
1.000000 4.376095 44.504382
1.000000 9.482280 64.929121
1.000000 7.466562 56.866247
1.000000 8.525749 61.102996
1.000000 6.652442 53.609769
1.000000 8.329184 60.316734
1.000000 7.174581 55.698324
1.000000 9.713345 65.853378
1.000000 9.769336 66.077343
1.000000 3.343060 40.372240
1.000000 7.107459 55.429837
1.000000 7.218313 55.873253
1.000000 8.333742 60.334970
1.000000 6.168139 51.672555
1.000000 5.672938 49.691753
1.000000 3.678466 41.713864
1.000000 1.511560 33.046238
1.000000 8.414566 60.658264
1.000000 4.088956 43.355825
1.000000 6.566656 53.266625
1.000000 0.105913 27.423653
1.000000 9.444824 64.779294
1.000000 6.690421 53.761685
1.000000 2.919107 38.676430
1.000000 0.147039 27.588155
1.000000 0.979831 30.919324
1.000000 4.690355 45.761418
1.000000 4.260661 44.042643
1.000000 3.540574 41.162297
1.000000 0.868549 30.474196
1.000000 5.083499 47.333996
1.000000 4.873398 46.493591
1.000000 4.736019 45.944075
1.000000 7.097799 55.391194
1.000000 2.786457 38.145827
1.000000 4.825690 46.302761
1.000000 8.069061 59.276242
1.000000 7.711529 57.846114
1.000000 6.345343 52.381372
1.000000 3.711350 41.845401
1.000000 7.096635 55.386541
1.000000 6.857533 54.430134
1.000000 1.672003 33.688010
1.000000 3.601378 41.405511
1.000000 1.626841 33.507363
1.000000 6.278898 52.115592
1.000000 9.161778 63.647110
1.000000 0.510515 29.042059
1.000000 6.668829 53.675314
1.000000 7.057967 55.231869
1.000000 1.668881 33.675525
1.000000 5.620552 49.482209
1.000000 2.779905 38.119622
1.000000 1.640330 33.561319
1.000000 3.684155 41.736620
1.000000 3.465501 40.862006
1.000000 8.866835 62.467338
1.000000 1.277009 32.108037
1.000000 2.803640 38.214562
1.000000 9.900950 66.603802
1.000000 9.359060 64.436239
1.000000 1.242379 31.969517
1.000000 2.411937 36.647746
1.000000 7.659441 57.637763
1.000000 4.549673 45.198692
1.000000 2.496094 36.984374
1.000000 6.237143 51.948573
1.000000 1.793560 34.174242
1.000000 7.253370 56.013482
1.000000 4.294109 44.176435
1.000000 4.841423 46.365691
1.000000 1.731984 33.927937
1.000000 7.013957 55.055826
1.000000 0.664367 29.657468
1.000000 5.314269 48.257075
1.000000 0.513162 29.052649
1.000000 9.485202 64.940810
1.000000 3.752008 42.008034
1.000000 5.342779 48.371116
1.000000 5.921937 50.687747
1.000000 9.370759 64.483036
1.000000 0.444262 28.777048
1.000000 1.894775 34.579101
1.000000 3.183823 39.735294
1.000000 8.226321 59.905284
1.000000 0.414627 28.658509
1.000000 7.735654 57.942618
1.000000 6.407598 52.630394
1.000000 7.425748 56.702994
1.000000 9.873249 66.492996
1.000000 0.865938 30.463751
1.000000 6.737236 53.948945
1.000000 8.566720 61.266880
1.000000 1.827425 34.309702
1.000000 0.846706 30.386823
1.000000 7.378465 56.513859
1.000000 5.597937 49.391746
1.000000 5.493846 48.975385
1.000000 0.202426 27.809705
1.000000 3.692740 41.770958
1.000000 0.638535 29.554139
1.000000 2.747809 37.991235
1.000000 7.447780 56.791121
1.000000 7.162608 55.650432
1.000000 7.451204 56.804817
1.000000 1.688022 33.752090
1.000000 9.212859 63.851435
1.000000 0.418743 28.674973
1.000000 4.945891 46.783562
1.000000 5.008092 47.032368
1.000000 9.946275 66.785101
1.000000 6.666116 53.664465
1.000000 1.847686 34.390744
1.000000 9.718830 65.875320
1.000000 5.594464 49.377858
1.000000 6.562141 53.248562
1.000000 9.373879 64.495516
1.000000 3.979229 42.916917
1.000000 4.155130 43.620521
1.000000 0.588268 29.353070
1.000000 6.191774 51.767095
1.000000 1.041134 31.164535
1.000000 2.183548 35.734191
1.000000 1.056581 31.226324
1.000000 0.805265 30.221059
1.000000 4.050111 43.200445
1.000000 8.955551 62.822204
1.000000 7.659823 57.639291
1.000000 2.684855 37.739421
1.000000 8.968403 62.873611
1.000000 0.704799 29.819195
1.000000 2.475008 36.900032
1.000000 4.749610 45.998438
1.000000 5.161802 47.647209
1.000000 2.595849 37.383397
1.000000 0.169748 27.678991
1.000000 8.172207 59.688829
1.000000 3.813000 42.251999
1.000000 5.056347 47.225387
1.000000 5.711728 49.846911
1.000000 1.671775 33.687101
1.000000 5.512008 49.048032
1.000000 7.039343 55.157371
1.000000 6.259636 52.038545
1.000000 9.030624 63.122494
1.000000 2.907839 38.631355
1.000000 8.069144 59.276576
1.000000 2.909140 38.636561
1.000000 1.798425 34.193702
1.000000 8.583169 61.332676
1.000000 2.367174 36.468697
1.000000 8.119707 59.478830
1.000000 9.431369 64.725477
1.000000 2.671090 37.684361
1.000000 2.753370 38.013479
1.000000 3.048877 39.195507
1.000000 2.135863 35.543451
1.000000 0.123428 27.493714
1.000000 5.162981 47.651924
1.000000 8.900399 62.601597
1.000000 9.427500 64.709998
1.000000 4.257738 44.030951
1.000000 2.828379 38.313517
1.000000 2.979540 38.918159
1.000000 7.722108 57.888434
1.000000 5.169304 47.677218
1.000000 6.731311 53.925242
1.000000 0.489729 28.958916
1.000000 2.078211 35.312844
1.000000 1.103546 31.414186
1.000000 8.337697 60.350787
1.000000 8.707315 61.829260
1.000000 4.858001 46.432002
1.000000 7.597661 57.390642
1.000000 3.758901 42.035603
1.000000 0.093606 27.374425
1.000000 2.929303 38.717214
1.000000 8.086105 59.344418
1.000000 2.313689 36.254755
1.000000 4.730051 45.920204
1.000000 0.676985 29.707939
1.000000 8.803954 62.215814
1.000000 4.623456 45.493823
1.000000 0.133675 27.534701
1.000000 4.098396 43.393584
1.000000 3.662486 41.649943
1.000000 7.700688 57.802752
1.000000 2.989818 38.959272
1.000000 0.830560 30.322242
1.000000 2.406556 36.626225
1.000000 3.425859 40.703436
1.000000 0.626790 29.507161
1.000000 6.593489 53.373957
1.000000 4.092096 43.368383
1.000000 5.103577 47.414307
1.000000 3.965878 42.863512
1.000000 0.512868 29.051474
1.000000 8.925792 62.703170
1.000000 6.237018 51.948071
1.000000 3.703414 41.813657
1.000000 7.774749 58.098996
1.000000 0.035549 27.142195
1.000000 1.496220 32.984878
1.000000 5.388733 48.554933
1.000000 3.402771 40.611086
1.000000 4.318737 44.274946
1.000000 1.122221 31.488885
1.000000 0.560161 29.240643
1.000000 2.029814 35.119254
1.000000 0.860087 30.440348
1.000000 6.687725 53.750898
1.000000 5.434775 48.739101
1.000000 7.017762 55.071048
1.000000 3.874286 42.497144
1.000000 1.847261 34.389046
1.000000 7.596837 57.387348
1.000000 9.498796 64.995186
1.000000 3.493039 40.972157
1.000000 6.951949 54.807794
1.000000 1.700493 33.801970
1.000000 2.895178 38.580711
1.000000 6.665760 53.663041
1.000000 5.485281 48.941125
1.000000 0.596230 29.384918
1.000000 3.870883 42.483533
1.000000 1.973149 34.892594
1.000000 7.443563 56.774252
1.000000 6.151179 51.604714
1.000000 2.217020 35.868080
1.000000 1.969678 34.878713
1.000000 4.359142 44.436567
1.000000 0.674047 29.696190
1.000000 9.312617 64.250470
1.000000 7.614388 57.457552
1.000000 0.514505 29.058022
1.000000 9.182232 63.728929
1.000000 3.129706 39.518824
1.000000 1.000088 31.000352
1.000000 4.956117 46.824470
1.000000 2.473155 36.892621
1.000000 0.151248 27.604992
1.000000 2.253892 36.015567
1.000000 7.199541 55.798163
1.000000 4.776546 46.106182
1.000000 6.700204 53.800814
1.000000 3.631113 41.524452
1.000000 0.144241 27.576963
1.000000 7.534599 57.138395
1.000000 5.039817 47.159268
1.000000 2.705678 37.822713
1.000000 5.490703 48.962812
1.000000 3.722342 41.889366
1.000000 8.685371 61.741486
1.000000 8.888681 62.554726
1.000000 6.837383 54.349533
1.000000 9.917120 66.668481
1.000000 0.031741 27.126965
1.000000 9.664005 65.656020
1.000000 4.979625 46.918501
1.000000 9.569130 65.276519
1.000000 5.238785 47.955141
1.000000 3.213557 39.854230
1.000000 6.324459 52.297834
1.000000 4.407396 44.629586
1.000000 4.423699 44.694795
1.000000 6.326034 52.304136
1.000000 8.954051 62.816205
1.000000 0.352218 28.408871
1.000000 6.526092 53.104370
1.000000 9.656128 65.624514
1.000000 3.732614 41.930455
1.000000 0.403707 28.614828
1.000000 8.550909 61.203635
1.000000 0.290847 28.163388
1.000000 4.717666 45.870664
1.000000 1.751812 34.007246
1.000000 3.533383 41.133531
1.000000 6.729137 53.916548
1.000000 7.914034 58.656135
1.000000 7.990589 58.962355
1.000000 2.040881 35.163525
1.000000 7.878053 58.512213
1.000000 1.207935 31.831741
1.000000 2.073967 35.295867
1.000000 1.822736 34.290943
1.000000 0.660066 29.640265
1.000000 9.984659 66.938636
1.000000 2.794465 38.177862
1.000000 8.757887 62.031547
1.000000 0.322008 28.288032
1.000000 2.568837 37.275347
1.000000 0.537337 29.149347
1.000000 9.201769 63.807074
1.000000 2.197713 35.790851
1.000000 5.375169 48.500676
1.000000 9.155706 63.622825
1.000000 6.020096 51.080383
1.000000 4.225720 43.902880
1.000000 0.362564 28.450254
1.000000 7.646040 57.584160
1.000000 1.873480 34.493919
1.000000 9.859396 66.437584
1.000000 9.629473 65.517892
1.000000 9.033297 63.133190
1.000000 6.808219 54.232875
1.000000 3.459181 40.836725
1.000000 7.811705 58.246821
1.000000 5.871026 50.484106
1.000000 8.010811 59.043243
1.000000 5.508159 49.032637
1.000000 8.997316 62.989265
1.000000 2.680145 37.720579
1.000000 6.731191 53.924763
1.000000 0.129212 27.516849
1.000000 6.599725 53.398900
1.000000 0.392172 28.568687
1.000000 4.684793 45.739174
1.000000 5.560113 49.240452
1.000000 8.321426 60.285702
1.000000 6.888614 54.554457
1.000000 8.778818 62.115273
1.000000 2.014542 35.058168
1.000000 8.489893 60.959571
1.000000 5.110057 47.440229
1.000000 0.120586 27.482345
1.000000 5.992562 50.970249
1.000000 5.444823 48.779294
1.000000 5.755438 50.021751
1.000000 7.943282 58.773130
1.000000 0.667166 29.668664
1.000000 5.277378 48.109513
1.000000 4.047459 43.189834
1.000000 6.604630 53.418520
1.000000 8.463042 60.852168
1.000000 6.478180 52.912721
1.000000 2.273847 36.095389
1.000000 6.764353 54.057412
1.000000 7.792759 58.171037
1.000000 0.851844 30.407376
1.000000 2.577968 37.311871
1.000000 0.772479 30.089918
1.000000 7.680602 57.722410
1.000000 7.090491 55.361965
1.000000 0.520553 29.082211
1.000000 9.616281 65.465125
1.000000 3.937216 42.748862
1.000000 8.688445 61.753780
1.000000 4.023421 43.093684
1.000000 7.609094 57.436377
1.000000 8.690742 61.762969
1.000000 2.623933 37.495732
1.000000 6.288804 52.155218
1.000000 4.681247 45.724989
1.000000 6.809418 54.237674
1.000000 7.708079 57.832316
1.000000 2.781891 38.127564
1.000000 1.104781 31.419123
1.000000 4.383966 44.535864
1.000000 0.461098 28.844393
1.000000 4.056134 43.224535
1.000000 0.980992 30.923969
1.000000 3.509867 41.039469
1.000000 7.286188 56.144751
1.000000 2.507570 37.030279
1.000000 8.887271 62.549082
1.000000 6.735568 53.942273
1.000000 0.585653 29.342614
1.000000 5.155488 47.621951
1.000000 7.410614 56.642455
1.000000 1.416943 32.667772
1.000000 2.234695 35.938780
1.000000 8.510081 61.040326
1.000000 9.204281 63.817124
1.000000 1.953253 34.813013
1.000000 9.222599 63.890398
1.000000 3.215588 39.862351
1.000000 9.453214 64.812857
1.000000 6.267724 52.070894
1.000000 5.974813 50.899252
1.000000 8.587892 61.351567
1.000000 1.640494 33.561975
1.000000 3.060208 39.240830
1.000000 3.421787 40.687147
1.000000 3.714551 41.858205
1.000000 2.255105 36.020420
1.000000 0.721105 29.884419
1.000000 6.393312 52.573249
1.000000 0.574069 29.296275
1.000000 6.151845 51.607381
1.000000 8.014287 59.057150
1.000000 1.898649 34.594598
1.000000 5.884746 50.538984
1.000000 2.607479 37.429916
1.000000 1.931452 34.725809
1.000000 3.647984 41.591938
1.000000 6.632035 53.528138
1.000000 2.536255 37.145020
1.000000 8.723421 61.893686
1.000000 9.650873 65.603491
1.000000 6.824276 54.297105
1.000000 2.301519 36.206075
1.000000 0.326806 28.307225
1.000000 0.293911 28.175644
1.000000 1.820792 34.283169
1.000000 1.290899 32.163597
1.000000 7.666627 57.666507
1.000000 8.917512 62.670046
1.000000 5.759280 50.037119
1.000000 0.861598 30.446393
1.000000 3.364831 40.459323
1.000000 5.187040 47.748161
1.000000 3.756520 42.026079
1.000000 2.129254 35.517018
1.000000 2.990706 38.962826
1.000000 7.929431 58.717725
1.000000 9.809245 66.236980
1.000000 0.150812 27.603247
1.000000 7.973721 58.894884
1.000000 7.323962 56.295848
1.000000 0.775117 30.100469
1.000000 0.900329 30.601317
1.000000 3.176015 39.704062
1.000000 9.096291 63.385162
1.000000 0.397295 28.589182
1.000000 9.552157 65.208626
1.000000 4.596023 45.384093
1.000000 6.147415 51.589659
1.000000 1.932345 34.729378
1.000000 5.121947 47.487790
1.000000 2.028306 35.113223
1.000000 4.439706 44.758822
1.000000 1.320847 32.283386
1.000000 7.250138 56.000552
1.000000 1.092918 31.371672
1.000000 6.552562 53.210249
1.000000 3.565047 41.260189
1.000000 8.352224 60.408895
1.000000 8.952737 62.810947
1.000000 2.361582 36.446329
1.000000 8.953878 62.815513
1.000000 9.960378 66.841513
1.000000 5.653244 49.612976
1.000000 4.148024 43.592096
1.000000 6.564045 53.256181
1.000000 9.689209 65.756838
1.000000 7.730834 57.923338
1.000000 2.202311 35.809242
1.000000 9.323841 64.295365
1.000000 5.040738 47.162952
1.000000 5.025664 47.102656
1.000000 3.745711 41.982845
1.000000 1.721185 33.884738
1.000000 9.044152 63.176606
1.000000 7.364408 56.457631
1.000000 0.593015 29.372062
1.000000 8.616175 61.464699
1.000000 9.898373 66.593491
1.000000 1.641166 33.564663
1.000000 1.976468 34.905873
1.000000 3.745121 41.980484
1.000000 3.700070 41.800280
1.000000 4.101976 43.407905
1.000000 8.386120 60.544479
1.000000 8.140590 59.562360
1.000000 4.315693 44.262774
1.000000 3.020610 39.082440
1.000000 8.622645 61.490579
1.000000 0.445344 28.781377
1.000000 5.494626 48.978506
1.000000 5.060665 47.242661
1.000000 6.267011 52.068043
1.000000 6.523302 53.093208
1.000000 6.786306 54.145226
1.000000 8.965173 62.860694
1.000000 5.995398 50.981592
1.000000 4.717048 45.868192
1.000000 4.580480 45.321918
1.000000 4.664190 45.656759
1.000000 5.620592 49.482369
1.000000 4.201811 43.807243
1.000000 4.041214 43.164855
1.000000 4.290626 44.162505
1.000000 2.616729 37.466914
1.000000 1.886628 34.546512
1.000000 7.448610 56.794439
1.000000 0.573703 29.294812
1.000000 0.935052 30.740207
1.000000 3.103792 39.415170
1.000000 4.926644 46.706578
1.000000 5.323732 48.294927
1.000000 7.541224 57.164897
1.000000 6.489253 52.957014
1.000000 7.143079 55.572314
1.000000 4.019558 43.078231
1.000000 9.084696 63.338785
1.000000 6.438046 52.752182
1.000000 5.541287 49.165149
1.000000 8.532393 61.129573
1.000000 9.584443 65.337774
1.000000 4.121849 43.487394
1.000000 3.113419 39.453676
1.000000 5.671988 49.687952
1.000000 9.267198 64.068792
1.000000 0.940584 30.762336
1.000000 3.598221 41.392882
1.000000 1.451794 32.807177
1.000000 2.834190 38.336761
1.000000 8.504752 61.019007
1.000000 6.463739 52.854955
1.000000 0.794977 30.179907
1.000000 1.068332 31.273327
1.000000 1.340978 32.363912
1.000000 8.788827 62.155309
1.000000 5.418588 48.674353
1.000000 1.502369 33.009477
1.000000 0.161417 27.645669
1.000000 3.078585 39.314339
1.000000 8.975616 62.902464
1.000000 6.834616 54.338464
1.000000 9.218980 63.875921
1.000000 9.974496 66.897985
1.000000 2.525929 37.103716
1.000000 2.486209 36.944837
1.000000 9.366494 64.465977
1.000000 9.288690 64.154762
1.000000 3.530703 41.122812
1.000000 4.078666 43.314662
1.000000 4.335754 44.343016
1.000000 8.613792 61.455169
1.000000 5.720399 49.881597
1.000000 4.385360 44.541439
1.000000 4.408781 44.635124
1.000000 7.263397 56.053590
1.000000 7.409788 56.639154
1.000000 6.949748 54.798992
1.000000 5.079853 47.319412
1.000000 7.766302 58.065206
1.000000 5.227612 47.910447
1.000000 6.496291 52.985164
1.000000 4.453080 44.812319
1.000000 3.743885 41.975539
1.000000 8.376114 60.504457
1.000000 6.619498 53.477993
1.000000 7.643271 57.573084
1.000000 5.352821 48.411284
1.000000 4.099738 43.398951
1.000000 0.428897 28.715588
1.000000 8.687331 61.749323
1.000000 8.770608 62.082434
1.000000 5.550236 49.200946
1.000000 2.197512 35.790047
1.000000 3.120713 39.482850
1.000000 2.392761 36.571043
1.000000 8.402583 60.610331
1.000000 7.970175 58.880700
1.000000 5.003148 47.012593
1.000000 0.697270 29.789079
1.000000 1.255392 32.021567
1.000000 4.414602 44.658408
1.000000 3.772458 42.089830
1.000000 4.515163 45.060652
1.000000 2.882115 38.528460
1.000000 0.776350 30.105401
1.000000 9.057599 63.230396
1.000000 5.720757 49.883030
1.000000 9.642225 65.568898
1.000000 3.477354 40.909415
1.000000 0.435843 28.743371
1.000000 4.038336 43.153342
1.000000 0.287271 28.149084
1.000000 4.962989 46.851954
1.000000 5.949285 50.797141
1.000000 0.601745 29.406979
1.000000 8.297239 60.188955
1.000000 1.543611 33.174444
1.000000 2.480837 36.923347
1.000000 6.006708 51.026831
1.000000 9.430071 64.720285
1.000000 0.613822 29.455287
1.000000 5.305332 48.221328
1.000000 3.826531 42.306123
1.000000 9.472340 64.889360
1.000000 9.851195 66.404781
1.000000 6.509409 53.037636
1.000000 0.608130 29.432518
1.000000 2.684916 37.739663
1.000000 3.835821 42.343285
1.000000 9.868340 66.473361
1.000000 2.202946 35.811782
1.000000 6.370212 52.480847
1.000000 3.787570 42.150280
1.000000 4.482902 44.931610
1.000000 6.814446 54.257785
1.000000 6.827121 54.308484
1.000000 9.945438 66.781753
1.000000 8.350040 60.400158
1.000000 4.715712 45.862847
1.000000 9.428969 64.715876
1.000000 3.310536 40.242143
1.000000 6.640270 53.561078
1.000000 3.412095 40.648382
1.000000 1.372243 32.488971
1.000000 1.766088 34.064352
1.000000 9.141148 63.564593
1.000000 6.742715 53.970858
1.000000 7.118937 55.475750
1.000000 4.797956 46.191826
1.000000 2.316480 36.265921
1.000000 5.372618 48.490471
1.000000 9.816769 66.267074
1.000000 0.848087 30.392347
1.000000 4.516508 45.066032
1.000000 3.857333 42.429333
1.000000 1.551593 33.206372
1.000000 1.047959 31.191836
1.000000 2.335981 36.343923
1.000000 3.049600 39.198400
1.000000 1.426110 32.704442
1.000000 6.625454 53.501814
1.000000 6.221419 51.885675
1.000000 7.612651 57.450602
1.000000 2.779874 38.119495
1.000000 2.939773 38.759093
1.000000 8.973159 62.892637
1.000000 8.605743 61.422972
1.000000 8.042086 59.168345
1.000000 4.251629 44.006516
1.000000 6.987740 54.950960
1.000000 5.216094 47.864376
1.000000 6.258749 52.034996
1.000000 7.223818 55.895272
1.000000 9.238469 63.953874
1.000000 1.864073 34.456291
1.000000 1.217154 31.868617
1.000000 6.901398 54.605590
1.000000 7.434409 56.737634
1.000000 3.479377 40.917509
1.000000 7.065818 55.263273
1.000000 7.135714 55.542856
1.000000 5.819045 50.276181
1.000000 4.559985 45.239941
1.000000 0.183561 27.734244
1.000000 5.281657 48.126627
1.000000 9.462347 64.849387
1.000000 9.350049 64.400194
1.000000 3.120940 39.483760
1.000000 6.960803 54.843214
1.000000 9.663914 65.655657
1.000000 3.040128 39.160513
1.000000 5.578431 49.313723
1.000000 3.425038 40.700153
1.000000 9.453315 64.813260
1.000000 4.498021 44.992082
1.000000 6.978714 54.914856
1.000000 4.193655 43.774621
1.000000 4.020873 43.083493
1.000000 3.982273 42.929092
1.000000 2.459421 36.837684
1.000000 8.739627 61.958508
1.000000 0.560406 29.241624
1.000000 8.337091 60.348364
1.000000 4.266631 44.066526
1.000000 3.752839 42.011354
1.000000 9.609463 65.437854
1.000000 0.623925 29.495700
1.000000 8.516706 61.066825
1.000000 3.948246 42.792986
1.000000 7.011128 55.044511
1.000000 6.125682 51.502729
1.000000 8.457560 60.830241
1.000000 2.737805 37.951219
1.000000 2.681310 37.725238
1.000000 0.774406 30.097623
1.000000 0.894104 30.576415
1.000000 0.284949 28.139794
1.000000 6.000082 51.000329
1.000000 1.139152 31.556608
1.000000 9.622625 65.490500
1.000000 7.960510 58.842040
1.000000 3.677081 41.708323
1.000000 5.070555 47.282219
1.000000 6.931569 54.726278
1.000000 9.956560 66.826241
1.000000 6.949175 54.796701
1.000000 1.202861 31.811444
1.000000 0.724390 29.897559
1.000000 3.498331 40.993326
1.000000 2.310101 36.240405
1.000000 5.308618 48.234474
1.000000 6.683723 53.734891
1.000000 8.438366 60.753464
1.000000 3.983909 42.935637
1.000000 9.948709 66.794836
1.000000 1.823481 34.293923
1.000000 8.403780 60.615118
1.000000 5.472177 48.888707
1.000000 3.500673 41.002690
1.000000 8.176235 59.704940
1.000000 7.486966 56.947863
1.000000 6.749527 53.998108
1.000000 0.018124 27.072496
1.000000 6.285245 52.140979
1.000000 9.037067 63.148268
1.000000 8.845729 62.382918
1.000000 1.518987 33.075949
1.000000 7.002635 55.010539
1.000000 7.939063 58.756250
1.000000 4.628902 45.515609
1.000000 1.286020 32.144081
1.000000 6.395728 52.582910
1.000000 3.901188 42.604751
1.000000 1.146853 31.587411
1.000000 1.614244 33.456975
1.000000 6.154915 51.619659
